[3169137700, 271717609, 3522125441, 23376095, 1233948799, 811833837, 280549587, 703867355, 166086528, 44766996, 2326968141, 69162222, 2698492851, 14603069, 2755327667, 348999531, 2600461189, 92332846, 1054656969, 169099767]
seed-to-soil:
    (291909660, 524408473)(404519244, 637018057), (1130502191, 1183590445)(1320269465, 1373357719), (3839037267, 4106218540)(3383428636, 3650609909), (667785713, 703677878)(0, 35892165), (524408473, 623027977)(1373357719, 1471977223), (2457172776, 2763726323)(2581158120, 2887711667), (971363049, 1006845614)(80649901, 116132466), (3113014199, 3363187305)(2330985014, 2581158120), (1006845614, 1061612205)(637018057, 691784648), (1061612205, 1130502191)(1010187739, 1079077725), (132911406, 291909660)(851189485, 1010187739), (0, 132911406)(718278079, 851189485), (730171309, 971363049)(1079077725, 1320269465), (2392582028, 2457172776)(2887711667, 2952302415), (2330985014, 2392582028)(3321831622, 3383428636), (4106218540, 4294967296)(3650609909, 3839358665), (3363187305, 3383428636)(2952302415, 2972543746), (1183590445, 1220036437)(368073252, 404519244), (3383428636, 3839037267)(3839358665, 4294967296), (623027977, 667785713)(35892165, 80649901), (2763726323, 3113014199)(2972543746, 3321831622), (703677878, 730171309)(691784648, 718278079), (1220036437, 1471977223)(116132466, 368073252), 

_________
soil-to-fertilizer:
    (1575423106, 2722503571)(1392321439, 2539401904), (2722503571, 3345160813)(261871322, 884528564), (768981668, 1276774543)(884528564, 1392321439), (0, 514557996)(3152000765, 3666558761), (3607032135, 3854415438)(2539401904, 2786785207), (3854415438, 3965207324)(2786785207, 2897577093), (514557996, 768981668)(2897577093, 3152000765), (1276774543, 1575423106)(3666558761, 3965207324), (3345160813, 3607032135)(0, 261871322), 

_________
fertilizer-to-water:
    (1437201590, 1811916483)(385494683, 760209576), (2756513635, 2881442932)(3894452006, 4019381303), (1299917000, 1437201590)(1389571244, 1526855834), (2881442932, 2890821162)(3267934068, 3277312298), (2602492445, 2756513635)(4140946106, 4294967296), (585965354, 1215327022)(760209576, 1389571244), (1832044460, 1902209171)(1948388381, 2018553092), (176668131, 391420899)(170741915, 385494683), (2531499423, 2602492445)(3570093835, 3641086857), (3421511423, 3820977590)(2647843344, 3047309511), (3124261283, 3240605204)(1832044460, 1948388381), (2890821162, 3002696480)(3458218517, 3570093835), (1215327022, 1299917000)(1721400289, 1805990267), (391420899, 585965354)(1526855834, 1721400289), (3002696480, 3124261283)(4019381303, 4140946106), (4041602147, 4294967296)(3641086857, 3894452006), (1902209171, 2531499423)(2018553092, 2647843344), (3820977590, 4041602147)(3047309511, 3267934068), (170741915, 176668131)(1805990267, 1811916483), (3240605204, 3421511423)(3277312298, 3458218517), 

_________
water-to-light:
    (2955619881, 3171914694)(3186854896, 3403149709), (3394507929, 3419524014)(1320085115, 1345101200), (1818141535, 1837289665)(1300936985, 1320085115), (560782805, 600469188)(3620767971, 3660454354), (2395592136, 2491174387)(2121550779, 2217133030), (4260270958, 4286298780)(3594740149, 3620767971), (3171914694, 3206174492)(1138228493, 1172488291), (600469188, 656196253)(823736132, 879463197), (2803112532, 2940252088)(3049715340, 3186854896), (461804882, 560782805)(0, 98977923), (1416346841, 1698820914)(2217133030, 2499607103), (1742525317, 1818141535)(1225320767, 1300936985), (3206174492, 3319630500)(3481284141, 3594740149), (656196253, 709028729)(1172488291, 1225320767), (2662545207, 2803112532)(1980983454, 2121550779), (2121838778, 2137798902)(182051501, 198011625), (256566375, 258899175)(1788572787, 1790905587), (0, 256566375)(881662118, 1138228493), (899106596, 1416346841)(3769058535, 4286298780), (3851650114, 3875784101)(157917514, 182051501), (1937530266, 2044884463)(564440564, 671794761), (4090588051, 4260270958)(2527210819, 2696893726), (709028729, 899106596)(1790905587, 1980983454), (3824046398, 3851650114)(2499607103, 2527210819), (258899175, 461804882)(1585667080, 1788572787), (3419524014, 3471224784)(671794761, 723495531), (2491174387, 2553941026)(3403149709, 3465916348), (2044884463, 2121838778)(228474519, 305428834), (2553941026, 2662545207)(3660454354, 3769058535), (2137798902, 2395592136)(305428834, 563222068), (3875784101, 3877983022)(879463197, 881662118), (3471224784, 3824046398)(2696893726, 3049715340), (3319630500, 3394507929)(1345101200, 1419978629), (4031648460, 4090588051)(98977923, 157917514), (1698820914, 1742525317)(1541962677, 1585667080), (2940252088, 2955619881)(3465916348, 3481284141), (3909664412, 4031648460)(1419978629, 1541962677), (1837289665, 1937530266)(723495531, 823736132), (3908445916, 3909664412)(563222068, 564440564), (3877983022, 3908445916)(198011625, 228474519), 

_________
light-to-temperature:
    (2867100637, 3261476270)(2138957924, 2533333557), (3261476270, 3289447665)(1108145028, 1136116423), (712143665, 971529171)(2732973434, 2992358940), (1589178663, 1641049415)(642453123, 694323875), (164593015, 232325704)(316125718, 383858407), (145842404, 164593015)(0, 18750611), (2758655274, 2788375194)(1861017768, 1890737688), (2858752538, 2867100637)(2130609825, 2138957924), (2187066385, 2260931223)(828190830, 902055668), (0, 126160197)(18750611, 144910808), (376698573, 403540614)(144910808, 171752849), (126160197, 145842404)(383858407, 403540614), (3337386080, 3537025957)(2533333557, 2732973434), (1950588856, 2165956765)(1507332395, 1722700304), (3537025957, 3588874015)(3619117542, 3670965600), (1763491162, 1785198371)(1740303803, 1762011012), (4140330531, 4294967296)(3793407347, 3948044112), (3588874015, 3753497186)(477829952, 642453123), (1432603163, 1450206662)(1722700304, 1740303803), (493381148, 712143665)(1890737688, 2109500205), (1549537726, 1589178663)(4255326359, 4294967296), (1450206662, 1549537726)(1408001331, 1507332395), (2260931223, 2758655274)(2992358940, 3490082991), (3289447665, 3337386080)(429891537, 477829952), (1641049415, 1763491162)(3670965600, 3793407347), (232325704, 376698573)(171752849, 316125718), (3753497186, 3868445623)(3504169105, 3619117542), (2165956765, 2187066385)(2109500205, 2130609825), (1290711401, 1432603163)(4113434597, 4255326359), (1070535927, 1084622041)(3490082991, 3504169105), (3868445623, 4140330531)(1136116423, 1408001331), (2788375194, 2858752538)(757813486, 828190830), (1785198371, 1950588856)(3948044112, 4113434597), (429891537, 493381148)(694323875, 757813486), (971529171, 1070535927)(1762011012, 1861017768), (1084622041, 1290711401)(902055668, 1108145028), 

_________
temperature-to-humidity:
    (557576190, 657693895)(480269915, 580387620), (1585236324, 1995929475)(2489408207, 2900101358), (422045351, 557576190)(2900101358, 3035632197), (779006907, 807464358)(666327594, 694785045), (807464358, 1351463267)(1945409298, 2489408207), (2440771002, 2443867294)(96132998, 99229290), (2746460169, 2748743875)(1295929224, 1298212930), (2022055443, 2121365788)(1298212930, 1397523275), (3503466915, 3848331043)(3547441134, 3892305262), (325230280, 422045351)(1659646920, 1756461991), (3928494543, 4097885243)(4125576596, 4294967296), (1351463267, 1585236324)(3035632197, 3269405254), (2592671813, 2701829359)(1397523275, 1506680821), (2748743875, 2857820113)(1032938960, 1142015198), (2276586008, 2369521325)(1756461991, 1849397308), (4097885243, 4254544016)(3968917823, 4125576596), (2369521325, 2440771002)(595077917, 666327594), (3027700045, 3093482308)(1593864657, 1659646920), (657693895, 779006907)(850005265, 971318277), (2505487977, 2592671813)(1506680821, 1593864657), (0, 109283216)(1186646008, 1295929224), (3389340328, 3485352318)(1849397308, 1945409298), (4254544016, 4294967296)(3496945571, 3537368851), (3858403326, 3928494543)(3898826606, 3968917823), (3189615306, 3389340328)(99229290, 298954312), (1995929475, 2007365146)(468834244, 480269915), (109283216, 325230280)(3269405254, 3485352318), (2007365146, 2022055443)(580387620, 595077917), (3093482308, 3189615306)(0, 96132998), (2443867294, 2505487977)(971318277, 1032938960), (3496945571, 3503466915)(3892305262, 3898826606), (2857820113, 3027700045)(298954312, 468834244), (2701829359, 2746460169)(1142015198, 1186646008), (2121365788, 2276586008)(694785045, 850005265), (3848331043, 3858403326)(3537368851, 3547441134), 

_________
humidity-to-location:
    (1623866227, 1841907132)(3490144003, 3708184908), (1620839197, 1623866227)(1709610578, 1712637608), (586389428, 699668954)(105449249, 218728775), (2167886292, 2516064491)(1899604338, 2247782537), (2678624215, 2865590945)(1712637608, 1899604338), (0, 245776251)(218728775, 464505026), (923734334, 1067404722)(2472992580, 2616662968), (3670169885, 3685467179)(2616662968, 2631960262), (1395629154, 1620839197)(2247782537, 2472992580), (480940179, 586389428)(0, 105449249), (3959729057, 4119638153)(4113852846, 4273761942), (1067404722, 1234764072)(3322784653, 3490144003), (4119638153, 4294967296)(923734334, 1099063477), (2516064491, 2678624215)(1534964496, 1697524220), (3496028440, 3636878173)(2631960262, 2772809995), (1234764072, 1332752427)(2862695906, 2960684261), (3636878173, 3648964531)(1697524220, 1709610578), (1332752427, 1395629154)(2985646048, 3048522775), (2970241510, 3406142529)(1099063477, 1534964496), (2865590945, 2970241510)(4009202281, 4113852846), (2142924505, 2167886292)(2960684261, 2985646048), (3406142529, 3496028440)(2772809995, 2862695906), (3648964531, 3670169885)(4273761942, 4294967296), (1841907132, 2142924505)(3708184908, 4009202281), (245776251, 480940179)(464505026, 699668954), (3685467179, 3959729057)(3048522775, 3322784653), 

_________
lowest value is: 388071289
######################
PART 2
######################
[3169137700, 271717609, 3522125441, 23376095, 1233948799, 811833837, 280549587, 703867355, 166086528, 44766996, 2326968141, 69162222, 2698492851, 14603069, 2755327667, 348999531, 2600461189, 92332846, 1054656969, 169099767]
2.296875 seconds to generate all seeds
2549759327
starting pool with 10 proc
took 1211.2077527046204 seconds to finish
took 10375.37137055397 seconds to finish
